0.0
2.0
4.0
6.0
6.0
6.0
6.0
9.0
9.0
12.0
12.0
27.0
47.0
50.0
55.0
55.0
55.0
64.0
64.0
66.0
67.0
67.0
67.0
73.0
76.0
77.0
77.0
79.0
99.0
99.0
99.0
119.0
121.0
133.0
133.0
141.0
141.0
144.0
148.0
154.0
160.0
160.0
163.0
163.0
169.0
170.0
170.0
170.0
170.0
179.0
185.0
186.0
186.0
186.0
186.0
189.0
192.0
192.0
193.0
213.0
213.0
213.0
219.0
221.0
223.0
226.0
226.0
226.0
230.0
233.0
233.0
233.0
233.0
239.0
239.0
239.0
242.0
242.0
254.0
254.0
264.0
267.0
272.0
272.0
272.0
272.0
272.0
272.0
276.0
276.0
288.0
288.0
288.0
288.0
288.0
288.0
291.0
291.0
300.0
300.0
300.0
301.0
301.0
301.0
301.0
301.0
309.0
309.0
315.0
315.0
317.0
317.0
317.0
317.0
317.0
317.0
323.0
323.0
323.0
323.0
323.0
323.0
323.0
323.0
325.0
325.0
325.0
325.0
325.0
322.0
322.0
320.0
318.0
315.0
315.0
316.0
318.0
316.0
296.0
296.0
304.0
295.0
295.0
273.0
262.0
262.0
264.0
264.0
253.0
253.0
253.0
251.0
251.0
255.0
252.0
258.0
258.0
255.0
219.0
221.0
216.0
210.0
210.0
216.0
217.0
220.0
226.0
236.0
234.0
231.0
251.0
251.0
253.0
253.0
229.0
241.0
244.0
243.0
226.0
235.0
237.0
237.0
237.0
234.0
235.0
235.0
230.0
230.0
225.0
233.0
233.0
233.0
233.0
227.0
227.0
239.0
239.0
234.0
233.0
239.0
242.0
254.0
266.0
268.0
268.0
269.0
270.0
272.0
276.0
290.0
293.0
313.0
315.0
315.0
330.0
326.0
323.0
324.0
324.0
324.0
327.0
327.0
315.0
310.0
301.0
301.0
301.0
301.0
301.0
305.0
306.0
311.0
311.0
311.0
315.0
327.0
327.0
327.0
327.0
328.0
326.0
326.0
328.0
328.0
326.0
325.0
325.0
325.0
333.0
333.0
333.0
339.0
339.0
339.0
340.0
340.0
342.0
342.0
345.0
343.0
343.0
344.0
348.0
348.0
339.0
336.0
336.0
332.0
331.0
331.0
333.0
333.0
331.0
331.0
331.0
327.0
327.0
331.0
331.0
331.0
331.0
340.0
332.0
332.0
332.0
332.0
332.0
328.0
328.0
328.0
288.0
286.0
277.0
277.0
275.0
275.0
275.0
274.0
275.0
275.0
273.0
270.0
270.0
268.0
268.0
269.0
267.0
267.0
267.0
267.0
267.0
267.0
264.0
264.0
264.0
248.0
248.0
254.0
254.0
248.0
246.0
234.0
234.0
234.0
232.0
220.0
219.0
231.0
231.0
231.0
231.0
211.0
210.0
209.0
210.0
210.0
198.0
196.0
196.0
179.0
179.0
179.0
179.0
179.0
188.0
188.0
188.0
188.0
189.0
174.0
174.0
174.0
174.0
174.0
174.0
171.0
176.0
186.0
183.0
183.0
183.0
178.0
175.0
175.0
175.0
175.0
174.0
174.0
174.0
174.0
174.0
177.0
177.0
177.0
177.0
177.0
177.0
177.0
173.0
173.0
173.0
173.0
175.0
179.0
167.0
167.0
166.0
166.0
168.0
166.0
160.0
170.0
166.0
163.0
175.0
167.0
165.0
159.0
159.0
159.0
159.0
163.0
163.0
163.0
163.0
163.0
163.0
169.0
169.0
169.0
172.0
172.0
172.0
172.0
172.0
172.0
172.0
176.0
176.0
176.0
182.0
171.0
174.0
174.0
174.0
174.0
174.0
175.0
175.0
175.0
175.0
175.0
175.0
175.0
175.0
175.0
175.0
175.0
155.0
155.0
155.0
155.0
155.0
155.0
145.0
145.0
135.0
135.0
134.0
149.0
149.0
149.0
152.0
152.0
152.0
152.0
152.0
152.0
151.0
151.0
151.0
151.0
151.0
151.0
151.0
157.0
157.0
157.0
158.0
158.0
158.0
169.0
165.0
165.0
165.0
161.0
163.0
163.0
163.0
162.0
162.0
162.0
161.0
161.0
161.0
173.0
173.0
177.0
177.0
177.0
189.0
189.0
189.0
183.0
178.0
178.0
184.0
181.0
191.0
175.0
