0.0
20.0
32.0
32.0
32.0
34.0
38.0
54.0
57.0
59.0
59.0
75.0
75.0
90.0
96.0
104.0
104.0
112.0
114.0
118.0
118.0
122.0
125.0
125.0
129.0
129.0
135.0
139.0
155.0
161.0
161.0
169.0
178.0
182.0
194.0
209.0
215.0
215.0
227.0
227.0
227.0
227.0
229.0
230.0
242.0
243.0
249.0
249.0
253.0
255.0
264.0
268.0
272.0
275.0
276.0
291.0
294.0
309.0
312.0
314.0
323.0
331.0
340.0
343.0
347.0
359.0
359.0
363.0
365.0
365.0
368.0
380.0
392.0
393.0
405.0
413.0
416.0
425.0
429.0
431.0
437.0
438.0
438.0
447.0
448.0
451.0
455.0
464.0
467.0
471.0
475.0
479.0
482.0
485.0
500.0
502.0
506.0
518.0
522.0
531.0
531.0
538.0
535.0
537.0
543.0
529.0
541.0
557.0
561.0
573.0
575.0
575.0
584.0
579.0
583.0
583.0
587.0
563.0
569.0
572.0
558.0
558.0
556.0
568.0
548.0
547.0
551.0
549.0
555.0
563.0
555.0
564.0
564.0
567.0
569.0
578.0
572.0
559.0
571.0
571.0
566.0
550.0
550.0
558.0
567.0
549.0
549.0
526.0
521.0
525.0
531.0
540.0
546.0
546.0
546.0
562.0
566.0
574.0
574.0
569.0
560.0
558.0
562.0
558.0
555.0
554.0
538.0
556.0
562.0
536.0
542.0
542.0
524.0
519.0
525.0
524.0
530.0
542.0
540.0
552.0
554.0
563.0
571.0
572.0
572.0
576.0
567.0
579.0
576.0
563.0
561.0
561.0
561.0
547.0
551.0
516.0
518.0
514.0
518.0
518.0
522.0
518.0
522.0
522.0
506.0
503.0
499.0
503.0
503.0
490.0
487.0
491.0
490.0
498.0
502.0
502.0
501.0
502.0
508.0
511.0
517.0
520.0
519.0
519.0
523.0
526.0
525.0
529.0
537.0
541.0
541.0
543.0
545.0
553.0
542.0
523.0
526.0
532.0
533.0
536.0
530.0
527.0
530.0
530.0
530.0
517.0
526.0
530.0
530.0
529.0
532.0
535.0
529.0
535.0
523.0
523.0
527.0
523.0
515.0
527.0
527.0
515.0
515.0
515.0
511.0
515.0
517.0
517.0
478.0
494.0
497.0
500.0
503.0
495.0
495.0
486.0
482.0
477.0
468.0
484.0
490.0
488.0
497.0
501.0
511.0
512.0
514.0
514.0
512.0
528.0
530.0
542.0
554.0
552.0
558.0
544.0
544.0
541.0
545.0
549.0
555.0
557.0
569.0
571.0
571.0
577.0
572.0
572.0
573.0
573.0
571.0
565.0
570.0
570.0
578.0
584.0
588.0
575.0
573.0
579.0
585.0
588.0
591.0
597.0
599.0
601.0
607.0
601.0
599.0
588.0
584.0
584.0
586.0
588.0
586.0
577.0
579.0
581.0
579.0
579.0
582.0
579.0
582.0
591.0
570.0
572.0
568.0
558.0
555.0
550.0
551.0
540.0
544.0
553.0
555.0
554.0
554.0
552.0
556.0
556.0
557.0
538.0
546.0
547.0
548.0
546.0
549.0
546.0
548.0
556.0
556.0
559.0
565.0
556.0
556.0
564.0
564.0
561.0
563.0
540.0
538.0
525.0
520.0
515.0
490.0
492.0
495.0
507.0
505.0
509.0
507.0
523.0
513.0
517.0
526.0
529.0
525.0
522.0
526.0
532.0
532.0
532.0
524.0
520.0
520.0
521.0
513.0
513.0
515.0
523.0
517.0
513.0
519.0
502.0
503.0
491.0
489.0
493.0
493.0
509.0
490.0
495.0
477.0
477.0
497.0
499.0
491.0
500.0
500.0
508.0
495.0
507.0
495.0
491.0
492.0
492.0
496.0
502.0
505.0
506.0
512.0
515.0
509.0
518.0
508.0
511.0
508.0
508.0
507.0
510.0
514.0
494.0
483.0
485.0
485.0
489.0
501.0
502.0
496.0
496.0
496.0
508.0
511.0
523.0
516.0
518.0
530.0
530.0
524.0
509.0
513.0
513.0
515.0
517.0
505.0
511.0
515.0
511.0
491.0
488.0
479.0
462.0
462.0
450.0
449.0
431.0
431.0
434.0
443.0
446.0
447.0
441.0
437.0
441.0
445.0
446.0
447.0
451.0
457.0
451.0
455.0
451.0
457.0
445.0
443.0
442.0
448.0
452.0
456.0
456.0
452.0
458.0
461.0
463.0
463.0
475.0
456.0
453.0
461.0
465.0
466.0
466.0
466.0
466.0
475.0
478.0
456.0
465.0
453.0
458.0
458.0
456.0
453.0
456.0
460.0
458.0
460.0
459.0
462.0
462.0
446.0
442.0
442.0
442.0
443.0
431.0
439.0
442.0
442.0
450.0
451.0
437.0
419.0
419.0
409.0
415.0
414.0
422.0
431.0
433.0
433.0
423.0
423.0
435.0
429.0
429.0
417.0
417.0
429.0
418.0
427.0
436.0
437.0
441.0
444.0
444.0
446.0
447.0
451.0
455.0
455.0
455.0
460.0
458.0
443.0
444.0
448.0
449.0
461.0
463.0
483.0
485.0
481.0
474.0
478.0
475.0
475.0
479.0
478.0
476.0
492.0
501.0
509.0
500.0
502.0
510.0
510.0
506.0
508.0
511.0
511.0
506.0
510.0
511.0
511.0
527.0
525.0
537.0
547.0
544.0
556.0
556.0
556.0
544.0
516.0
536.0
521.0
520.0
520.0
520.0
494.0
494.0
482.0
482.0
488.0
488.0
498.0
503.0
511.0
501.0
501.0
505.0
505.0
509.0
506.0
506.0
506.0
510.0
516.0
516.0
524.0
517.0
522.0
513.0
517.0
532.0
529.0
524.0
527.0
529.0
527.0
527.0
530.0
530.0
532.0
532.0
522.0
527.0
512.0
503.0
507.0
504.0
510.0
511.0
511.0
512.0
518.0
517.0
532.0
538.0
539.0
538.0
538.0
537.0
553.0
542.0
544.0
530.0
532.0
532.0
546.0
546.0
550.0
549.0
549.0
521.0
515.0
524.0
528.0
529.0
537.0
537.0
533.0
533.0
549.0
549.0
549.0
561.0
557.0
557.0
561.0
569.0
569.0
569.0
562.0
563.0
562.0
558.0
560.0
553.0
553.0
555.0
548.0
560.0
557.0
551.0
563.0
563.0
558.0
566.0
554.0
570.0
572.0
573.0
570.0
570.0
582.0
588.0
589.0
589.0
559.0
559.0
562.0
568.0
568.0
564.0
566.0
575.0
579.0
571.0
581.0
571.0
567.0
565.0
562.0
564.0
576.0
580.0
580.0
575.0
584.0
573.0
562.0
545.0
551.0
548.0
541.0
547.0
541.0
541.0
545.0
545.0
542.0
531.0
539.0
516.0
514.0
510.0
515.0
519.0
519.0
519.0
519.0
519.0
503.0
497.0
503.0
503.0
504.0
510.0
513.0
513.0
525.0
534.0
554.0
556.0
560.0
561.0
542.0
546.0
546.0
534.0
536.0
540.0
526.0
526.0
535.0
519.0
512.0
506.0
507.0
508.0
508.0
511.0
511.0
514.0
508.0
494.0
480.0
482.0
473.0
473.0
485.0
475.0
478.0
478.0
478.0
471.0
474.0
478.0
478.0
485.0
486.0
486.0
484.0
476.0
480.0
484.0
484.0
486.0
490.0
490.0
492.0
493.0
477.0
477.0
489.0
495.0
475.0
466.0
469.0
469.0
475.0
477.0
479.0
481.0
483.0
485.0
492.0
495.0
481.0
481.0
485.0
488.0
492.0
494.0
480.0
480.0
486.0
488.0
492.0
487.0
491.0
491.0
483.0
471.0
477.0
490.0
490.0
490.0
497.0
506.0
512.0
501.0
501.0
501.0
488.0
488.0
484.0
485.0
489.0
484.0
496.0
495.0
490.0
490.0
490.0
491.0
486.0
491.0
486.0
488.0
481.0
477.0
480.0
490.0
492.0
498.0
513.0
512.0
520.0
524.0
531.0
531.0
528.0
528.0
532.0
526.0
528.0
528.0
533.0
509.0
513.0
517.0
521.0
523.0
520.0
526.0
527.0
528.0
536.0
530.0
530.0
530.0
521.0
524.0
524.0
534.0
540.0
546.0
544.0
556.0
558.0
556.0
550.0
555.0
553.0
557.0
553.0
555.0
559.0
564.0
565.0
536.0
542.0
546.0
530.0
530.0
531.0
526.0
527.0
525.0
527.0
527.0
512.0
513.0
509.0
509.0
509.0
513.0
514.0
520.0
516.0
518.0
530.0
534.0
546.0
550.0
546.0
544.0
544.0
522.0
515.0
518.0
518.0
528.0
532.0
532.0
540.0
539.0
539.0
539.0
529.0
525.0
531.0
547.0
547.0
547.0
550.0
552.0
554.0
552.0
553.0
561.0
561.0
564.0
561.0
552.0
550.0
541.0
550.0
558.0
578.0
588.0
590.0
577.0
580.0
581.0
577.0
575.0
578.0
580.0
566.0
575.0
581.0
590.0
593.0
586.0
591.0
597.0
581.0
591.0
591.0
591.0
592.0
577.0
586.0
580.0
578.0
578.0
582.0
591.0
603.0
611.0
615.0
615.0
607.0
619.0
619.0
635.0
651.0
651.0
651.0
651.0
652.0
641.0
628.0
630.0
626.0
630.0
632.0
620.0
629.0
627.0
627.0
635.0
642.0
642.0
642.0
641.0
637.0
628.0
634.0
629.0
632.0
633.0
635.0
639.0
624.0
632.0
623.0
623.0
623.0
625.0
625.0
629.0
629.0
644.0
643.0
646.0
646.0
649.0
635.0
632.0
628.0
632.0
636.0
630.0
627.0
615.0
617.0
605.0
607.0
599.0
599.0
603.0
611.0
612.0
613.0
623.0
622.0
621.0
609.0
625.0
625.0
629.0
635.0
637.0
640.0
641.0
642.0
637.0
626.0
604.0
604.0
598.0
569.0
577.0
577.0
571.0
574.0
573.0
579.0
579.0
579.0
579.0
591.0
588.0
556.0
539.0
537.0
538.0
536.0
536.0
538.0
550.0
554.0
551.0
552.0
553.0
545.0
545.0
543.0
544.0
536.0
545.0
544.0
534.0
538.0
543.0
542.0
538.0
531.0
524.0
527.0
531.0
540.0
540.0
540.0
526.0
511.0
501.0
505.0
510.0
518.0
530.0
525.0
528.0
531.0
532.0
534.0
543.0
558.0
556.0
542.0
542.0
545.0
540.0
530.0
524.0
526.0
530.0
541.0
531.0
531.0
539.0
526.0
530.0
529.0
526.0
