0.0
0.0
0.0
0.0
2.0
10.0
10.0
13.0
13.0
16.0
22.0
22.0
22.0
22.0
22.0
30.0
30.0
30.0
34.0
34.0
37.0
37.0
52.0
52.0
52.0
57.0
62.0
62.0
62.0
72.0
72.0
72.0
72.0
72.0
81.0
81.0
81.0
81.0
81.0
81.0
87.0
89.0
89.0
109.0
111.0
111.0
113.0
122.0
122.0
122.0
122.0
125.0
125.0
125.0
125.0
125.0
125.0
125.0
125.0
129.0
129.0
149.0
149.0
155.0
155.0
155.0
155.0
155.0
155.0
158.0
158.0
158.0
158.0
158.0
158.0
158.0
167.0
171.0
171.0
173.0
179.0
180.0
183.0
183.0
183.0
185.0
185.0
185.0
185.0
185.0
185.0
185.0
185.0
185.0
185.0
185.0
194.0
194.0
194.0
194.0
194.0
194.0
200.0
200.0
200.0
200.0
200.0
204.0
204.0
204.0
204.0
204.0
204.0
210.0
210.0
210.0
210.0
210.0
210.0
210.0
212.0
212.0
212.0
212.0
212.0
204.0
204.0
204.0
202.0
202.0
202.0
202.0
196.0
201.0
201.0
201.0
203.0
215.0
215.0
215.0
215.0
215.0
215.0
215.0
215.0
215.0
225.0
225.0
225.0
210.0
210.0
210.0
203.0
195.0
185.0
188.0
188.0
180.0
176.0
176.0
176.0
176.0
156.0
147.0
147.0
150.0
150.0
150.0
144.0
142.0
142.0
143.0
136.0
136.0
130.0
130.0
130.0
130.0
130.0
130.0
130.0
130.0
130.0
130.0
110.0
110.0
101.0
104.0
105.0
105.0
105.0
105.0
105.0
105.0
105.0
105.0
105.0
114.0
110.0
110.0
95.0
115.0
115.0
113.0
111.0
111.0
114.0
114.0
118.0
118.0
118.0
118.0
118.0
118.0
121.0
117.0
114.0
123.0
129.0
129.0
134.0
146.0
140.0
140.0
140.0
140.0
141.0
147.0
148.0
148.0
148.0
148.0
148.0
148.0
142.0
142.0
148.0
148.0
157.0
157.0
155.0
159.0
159.0
159.0
155.0
155.0
155.0
155.0
155.0
149.0
149.0
149.0
149.0
149.0
149.0
149.0
149.0
161.0
170.0
160.0
160.0
160.0
160.0
160.0
160.0
160.0
160.0
160.0
167.0
169.0
169.0
169.0
174.0
178.0
178.0
178.0
178.0
198.0
198.0
204.0
204.0
204.0
209.0
217.0
225.0
234.0
234.0
237.0
237.0
237.0
234.0
244.0
244.0
244.0
244.0
244.0
244.0
244.0
256.0
272.0
269.0
276.0
276.0
277.0
276.0
276.0
267.0
267.0
267.0
267.0
267.0
267.0
266.0
266.0
270.0
273.0
273.0
276.0
276.0
284.0
292.0
292.0
296.0
296.0
296.0
297.0
297.0
297.0
297.0
297.0
297.0
300.0
300.0
293.0
293.0
293.0
309.0
309.0
297.0
297.0
303.0
303.0
306.0
315.0
315.0
315.0
315.0
309.0
309.0
311.0
311.0
313.0
314.0
314.0
314.0
325.0
326.0
325.0
319.0
315.0
315.0
320.0
324.0
324.0
324.0
339.0
343.0
343.0
344.0
354.0
358.0
358.0
358.0
358.0
362.0
362.0
366.0
366.0
374.0
374.0
374.0
376.0
376.0
376.0
376.0
376.0
370.0
371.0
365.0
373.0
379.0
397.0
400.0
397.0
397.0
405.0
405.0
405.0
425.0
413.0
416.0
412.0
412.0
405.0
405.0
407.0
416.0
398.0
407.0
407.0
398.0
398.0
400.0
400.0
400.0
401.0
401.0
415.0
421.0
411.0
417.0
417.0
407.0
411.0
415.0
427.0
427.0
411.0
411.0
412.0
415.0
415.0
415.0
421.0
421.0
417.0
417.0
417.0
401.0
401.0
403.0
409.0
409.0
414.0
420.0
420.0
417.0
393.0
381.0
381.0
383.0
383.0
383.0
383.0
386.0
389.0
389.0
389.0
393.0
396.0
411.0
411.0
405.0
420.0
420.0
420.0
420.0
411.0
416.0
416.0
416.0
420.0
420.0
426.0
426.0
423.0
404.0
404.0
398.0
400.0
396.0
401.0
401.0
401.0
405.0
405.0
405.0
408.0
408.0
420.0
420.0
410.0
410.0
409.0
414.0
412.0
397.0
388.0
390.0
406.0
