1082.0
1078.0
1074.0
1074.0
1092.0
1096.0
1084.0
1080.0
1086.0
1092.0
1094.0
1058.0
1058.0
1076.0
1062.0
1070.0
1076.0
1052.0
1022.0
1026.0
1022.0
1030.0
1014.0
1022.0
1040.0
1046.0
1050.0
1034.0
1042.0
1066.0
1048.0
1050.0
1042.0
1036.0
1052.0
1058.0
1044.0
1056.0
1056.0
1080.0
1092.0
1116.0
1128.0
1130.0
1134.0
1138.0
1136.0
1140.0
1150.0
1146.0
1116.0
1120.0
1128.0
1114.0
1106.0
1090.0
1114.0
1116.0
1118.0
1118.0
1134.0
1132.0
1132.0
1148.0
1156.0
1156.0
1172.0
1196.0
1212.0
1192.0
1196.0
1200.0
1198.0
1198.0
1206.0
1210.0
1216.0
1208.0
1216.0
1218.0
1214.0
1230.0
1246.0
1262.0
1274.0
1278.0
1302.0
1326.0
1334.0
1312.0
1254.0
1278.0
1258.0
1260.0
1264.0
1272.0
1218.0
1218.0
1200.0
1208.0
1210.0
1218.0
1226.0
1232.0
1240.0
1214.0
1226.0
1242.0
1250.0
1256.0
1232.0
1244.0
1232.0
1248.0
1256.0
1238.0
1270.0
1264.0
1264.0
1258.0
1262.0
1268.0
1264.0
1264.0
1270.0
1276.0
1278.0
1302.0
1308.0
1310.0
1322.0
1338.0
1318.0
1324.0
1312.0
1312.0
1316.0
1318.0
1326.0
1328.0
1322.0
1320.0
1326.0
1322.0
1334.0
1346.0
1348.0
1350.0
1334.0
1338.0
1354.0
1332.0
1328.0
1280.0
1288.0
1294.0
1308.0
1320.0
1324.0
1328.0
1320.0
1292.0
1284.0
1304.0
1320.0
1324.0
1332.0
1336.0
1336.0
1338.0
1354.0
1342.0
1334.0
1358.0
1358.0
1360.0
1368.0
1368.0
1372.0
1366.0
1348.0
1354.0
1348.0
1354.0
1354.0
1328.0
1334.0
1336.0
1322.0
1302.0
1290.0
1278.0
1310.0
1334.0
1332.0
1350.0
1342.0
1358.0
1360.0
1362.0
1362.0
1370.0
1394.0
1398.0
1402.0
1400.0
1356.0
1364.0
1368.0
1368.0
1368.0
1350.0
1354.0
1366.0
1362.0
1340.0
1352.0
1332.0
1326.0
1326.0
1322.0
1326.0
1350.0
1362.0
1360.0
1358.0
1382.0
1362.0
1332.0
1292.0
1276.0
1282.0
1272.0
1278.0
1268.0
1272.0
1280.0
1284.0
1294.0
1258.0
1262.0
1224.0
1222.0
1230.0
1248.0
1264.0
1282.0
1288.0
1288.0
1304.0
1276.0
1266.0
1278.0
1274.0
1280.0
1296.0
1314.0
1312.0
1326.0
1338.0
1362.0
1364.0
1380.0
1386.0
1348.0
1346.0
1352.0
1348.0
1360.0
1392.0
1356.0
1364.0
1382.0
1374.0
1354.0
1344.0
1340.0
1346.0
1346.0
1350.0
1356.0
1362.0
1344.0
1330.0
1294.0
1296.0
1276.0
1292.0
1282.0
1264.0
1264.0
1272.0
1280.0
1266.0
1280.0
1280.0
1288.0
1306.0
1298.0
1310.0
1306.0
1298.0
1302.0
1306.0
1286.0
1288.0
1296.0
1304.0
1302.0
1304.0
1288.0
1292.0
1300.0
1304.0
1272.0
1264.0
1256.0
1258.0
